


Demo file= max= [0.82113223 0.85915251 1.59      ]
min= [-0.35905535 -0.24038149  0.302     ]

max= [-0.27986641  0.52336875  3.906     ]
min= [-1.60956983 -0.13187561  0.851     ]


max= [-0.18790076  0.71050981  0.999     ]
min= [-0.30912479  0.44590046  0.837     ]